10
Coere1     0.0000000 4.5092480 4.3926574 4.5029842 4.4271320 4.5042476 4.3578644 4.5907521 4.4477966 4.0764398 
DrSc       4.5092480 0.0000000 2.2216924 1.3488893 1.5078380 3.7298957 3.5899204 2.9183675 2.4545185 2.3674935 
Emusc_isoH 4.3926574 2.2216924 0.0000000 2.4154503 1.8332650 3.4072918 3.3823857 2.6885561 1.4221105 1.4606780 
Pfor       4.5029842 1.3488893 2.4154503 0.0000000 1.6291354 3.7443161 3.7868206 3.0524180 2.7386649 2.6949670 
ZRAD       4.4271320 1.5078380 1.8332650 1.6291354 0.0000000 3.4986462 3.4614920 2.6947017 2.2196084 2.1860621 
Conco1     4.5042476 3.7298957 3.4072918 3.7443161 3.4986462 0.0000000 0.8170128 3.5461872 3.6980765 3.3653912 
N159       4.3578644 3.5899204 3.3823857 3.7868206 3.4614920 0.8170128 0.0000000 3.3936589 3.6649397 3.3368251 
Conth1     4.5907521 2.9183675 2.6885561 3.0524180 2.6947017 3.5461872 3.3936589 0.0000000 2.9308464 2.8072507 
MPLAT      4.4477966 2.4545185 1.4221105 2.7386649 2.2196084 3.6980765 3.6649397 2.9308464 0.0000000 1.2908256 
MCIC       4.0764398 2.3674935 1.4606780 2.6949670 2.1860621 3.3653912 3.3368251 2.8072507 1.2908256 0.0000000 
